- Wave Lab
- Date: 2022-12-06 18:13:32
- Duration: 10.00 s

146
146
146
145
147
146
146
147
146
146
146
145
146
146
145
146
145
145
145
146
146
146
146
145
145
146
146
146
147
146
146
146
146
146
147
146
146
146
147
146
146
147
146
146
146
147
147
145
146
146
146
145
145
145
146
146
146
146
146
146
147
145
146
145
145
146
146
145
146
146
146
146
146
146
147
147
147
147
147
146
145
146
147
146
146
146
147
147
146
147
146
146
146
146
146
146
146
146
146
145
146
145
145
146
146
147
146
146
146
145
146
146
