- Wave Lab
- Date: 2022-12-06 18:33:57
- Duration: 15.04 s

149
149
149
150
149
149
149
148
149
148
149
148
148
148
149
149
149
149
149
149
148
148
147
147
145
145
144
144
142
143
143
143
143
142
140
140
140
139
138
137
137
137
136
136
136
137
137
136
137
136
136
136
137
135
136
136
136
135
135
135
136
135
134
134
136
134
134
134
133
134
133
132
132
132
132
131
130
131
130
130
131
130
130
129
129
129
129
129
128
128
127
127
127
126
126
126
126
126
126
125
126
125
125
125
125
126
125
125
124
125
125
125
124
124
124
125
124
125
124
124
124
124
124
123
124
122
123
123
123
122
122
122
122
121
121
121
122
120
121
120
120
121
120
121
121
120
121
120
121
120
120
119
119
120
119
119
118
119
119
119
118
119
119
118
119
119
118
119
119
118
119
118
118
119
119
119
119
118
118
119
118
118
118
14
118
118
118
118
118
