- Wave Lab
- Date: 2022-12-06 18:32:07
- Duration: 15.02 s

169
169
169
168
169
169
168
169
168
169
168
169
168
168
168
167
167
166
165
163
161
161
159
116
156
155
152
151
149
146
144
141
139
136
134
132
130
129
127
125
124
123
121
120
119
117
115
114
113
112
111
110
110
109
107
107
106
106
105
104
104
103
102
102
100
100
100
99
99
99
98
98
97
97
96
96
96
95
96
95
95
93
94
94
93
92
93
93
94
92
92
92
93
101
124
119
135
131
115
122
121
121
122
126
120
120
121
120
118
118
118
119
116
116
116
115
115
114
112
113
113
113
111
110
110
110
110
109
109
108
108
107
107
105
106
106
106
106
104
104
104
103
102
102
102
103
102
101
101
100
101
101
99
100
99
99
98
98
98
98
98
97
97
97
97
96
95
96
95
96
95
94
95
95
94
95
6
97
101
110
113
114
111
106
108
114
114
112
107
104
105
111
114
113
106
103
104
108
109
110
108
104
104
107
108
107
106
104
103
105
107
106
104
