- Wave Lab
- Date: 2022-12-06 18:17:06
- Duration: 10.02 s

66
67
67
67
67
68
68
67
68
66
67
67
67
67
67
67
66
67
66
67
66
66
67
67
67
66
67
67
66
67
67
67
66
66
66
66
66
67
67
66
67
66
66
67
66
67
66
66
66
65
66
65
66
66
66
67
66
65
66
65
65
66
65
66
66
66
66
66
66
66
65
66
65
66
65
66
66
66
66
65
66
66
66
66
66
65
66
65
65
66
65
66
65
66
65
65
65
65
65
66
66
65
65
65
66
66
65
65
65
66
65
65
65
65
65
64
65
65
66
66
65
65
66
66
66
66
67
66
67
66
66
66
67
66
66
67
66
67
67
67
66
67
66
67
66
67
67
66
67
67
67
67
67
66
66
66
67
67
67
67
66
67
67
67
66
67
66
67
66
26
67
67
66
66
66
66
67
67
67
67
67
67
66
66
67
67
67
66
67
66
67
66
67
67
66
66
66
66
67
66
67
67
67
67
67
67
67
67
66
67
67
66
67
67
66
66
67
66
67
67
66
67
66
66
67
67
67
67
67
66
66
67
66
67
66
66
66
66
67
67
66
66
66
66
66
