- Wave Lab
- Date: 2022-12-06 18:15:27
- Duration: 10.01 s

114
115
114
114
113
114
115
114
114
114
114
113
113
114
114
113
114
114
114
114
114
113
114
114
114
113
114
113
113
113
113
114
114
114
114
114
114
114
113
114
115
115
114
113
115
114
114
114
114
114
113
115
114
115
115
115
115
114
114
114
114
114
114
114
113
115
114
114
114
114
115
114
114
114
114
115
113
114
114
114
114
113
114
113
114
114
114
114
113
114
113
113
114
113
114
113
113
114
114
112
114
114
113
114
114
115
113
114
113
113
114
114
114
114
114
114
114
114
114
114
115
114
114
114
114
114
113
114
115
114
114
115
115
114
113
114
114
115
114
114
114
113
115
114
